0 12928
12928 0
0 792271
792271 0
0 178823
178823 0
0 772718
772718 0
0 52712
52712 0
0 664610
664610 0
0 259530
259530 0
0 1753424
1753424 0
0 82218
82218 0
0 438442
438442 0
0 75790
75790 0
0 47
47 0
0 76432
76432 0
0 1753544
1753544 0
0 438165
438165 0
0 691
691 0
0 673310
673310 0
0 75543
75543 0
0 122938
122938 0
0 204221
204221 0
1 1792
1792 1
1 242689
242689 1
1 576395
576395 1
1 66314
66314 1
1 121741
121741 1
1 840320
840320 1
1 1770391
1770391 1
1 75788
75788 1
1 86288
86288 1
1 76306
76306 1
1 788639
788639 1
1 242587
242587 1
1 1712824
1712824 1
1 1715768
1715768 1
1 242592
242592 1
1 480676
480676 1
1 1029033
1029033 1
1 121894
121894 1
1 1065
1065 1
1 75435
75435 1
1 1066
1066 1
1 1080383
1080383 1
1 962358
962358 1
1 640688
640688 1
1 962359
962359 1
1 44090
44090 1
1 44221
44221 1
1 612022
612022 1
1 436679
436679 1
1 437831
437831 1
